seconds, temperature
0.00,21.69
1.00,21.69
2.00,21.72
3.00,21.89
4.00,22.21
5.00,22.58
6.00,22.96
7.00,23.33
8.00,23.69
9.00,24.05
10.00,24.42
11.00,24.78
12.00,25.15
13.00,25.49
14.00,25.84
15.00,26.21
16.00,26.55
17.00,26.90
18.00,27.26
19.00,27.59
20.00,27.94
21.00,28.30
22.00,28.63
23.00,28.99
24.00,29.33
25.00,29.66
26.00,30.02
27.00,30.36
28.00,30.70
29.00,31.04
30.00,31.38
31.00,31.72
32.00,32.06
33.00,32.40
34.00,32.74
35.00,33.08
36.00,33.41
37.00,33.75
38.00,34.09
39.00,34.42
40.00,34.76
41.00,35.10
42.00,35.43
43.00,35.79
44.00,36.12
45.00,36.44
46.00,36.79
47.00,37.13
48.00,37.46
49.00,37.80
50.00,38.13
51.00,38.45
52.00,38.80
53.00,39.14
54.00,39.47
55.00,39.81
56.00,40.14
57.00,40.49
58.00,40.81
59.00,41.14
60.00,41.49
61.00,41.81
62.00,42.15
63.00,42.50
64.00,42.81
65.00,43.16
66.00,43.50
67.00,43.81
68.00,44.17
69.00,44.50
70.00,44.82
71.00,45.17
72.00,45.50
73.00,45.83
74.00,46.17
75.00,46.50
76.00,46.83
77.00,47.17
78.00,47.50
79.00,47.84
80.00,48.17
81.00,48.50
82.00,48.85
83.00,49.19
84.00,49.50
85.00,49.85
86.00,50.16
87.00,50.31
88.00,50.34
89.00,50.34
90.00,50.32
91.00,50.30
92.00,50.28
93.00,50.25
94.00,50.23
95.00,50.22
96.00,50.20
97.00,50.18
98.00,50.17
99.00,50.16
100.00,50.15
101.00,50.14
102.00,50.13
103.00,50.12
104.00,50.11
105.00,50.10
106.00,50.09
107.00,50.09
108.00,50.08
109.00,50.07
110.00,50.07
111.00,50.06
112.00,50.06
113.00,50.06
114.00,50.05
115.00,50.05
116.00,50.04
117.00,50.04
118.00,50.04
119.00,50.04
120.00,50.03
121.00,50.03
122.00,50.03
123.00,50.03
124.00,50.03
125.00,50.02
126.00,50.02
127.00,50.02
128.00,50.02
129.00,50.02
130.00,50.02
131.00,50.01
132.00,50.01
133.00,50.01
134.00,50.01
135.00,50.01
136.00,50.01
137.00,50.01
138.00,50.01
139.00,50.01
140.00,50.01
141.00,50.01
142.00,50.01
143.00,50.01
144.00,50.01
145.00,50.00
146.00,50.00
147.00,50.00
148.00,50.00
149.00,50.00
150.00,50.00
152.00,50.00
153.00,50.00
154.00,50.00
155.00,50.00
156.00,50.00
157.00,50.00
158.00,50.00
159.00,50.00
160.00,50.00
161.00,50.00
162.00,50.00
163.00,50.00
164.00,50.00
165.00,50.00
166.00,50.00
167.00,50.00
168.00,50.00
169.00,50.00
170.00,50.00
171.00,50.00
172.00,50.00
173.00,50.00
174.00,50.00
175.00,50.00
176.00,50.00
177.00,50.00
178.00,50.00
179.00,50.00
180.00,50.00
181.00,50.00
182.00,50.00
183.00,50.00
184.00,50.00
185.00,50.00
186.00,50.00
187.00,50.00
188.00,50.00
189.00,50.00
190.00,50.00
191.00,50.00
192.00,50.00
193.00,50.00
194.00,50.00
195.00,50.00
196.00,50.00
197.00,50.00
198.00,50.00
199.00,50.00
200.00,50.00
201.00,50.00
202.00,50.00
203.00,50.00
204.00,50.00
205.00,50.00
206.00,50.00
207.00,50.00
208.00,50.00
209.00,50.00
210.00,50.00
211.00,50.00
212.00,50.00
213.00,50.00
214.00,50.00
215.00,50.00
216.00,50.00
217.00,50.00
218.00,50.00
219.00,50.00
220.00,50.00
221.00,50.00
222.00,50.00
223.00,50.00
224.00,50.00
225.00,50.00
226.00,50.00
227.00,50.00
228.00,50.00
229.00,50.00
231.00,50.00
232.00,50.00
233.00,50.00
234.00,50.00
235.00,50.00
236.00,50.00
237.00,50.00
238.00,50.00
239.00,50.00
240.00,50.00
241.00,50.00
242.00,50.00
243.00,50.00
244.00,50.00
245.00,50.00
246.00,50.00
247.00,50.00
248.00,50.00
249.00,50.00
250.00,50.00
251.00,50.00
252.00,50.00
253.00,50.00
254.00,50.00
255.00,50.00
256.00,50.00
257.00,50.00
258.00,50.00
259.00,50.00
260.00,50.00
261.00,50.00
262.00,50.00
263.00,50.00
264.00,50.00
265.00,50.00
266.00,50.00
267.00,50.00
268.00,50.00
269.00,50.00
270.00,50.00
271.00,50.00
272.00,50.00
273.00,50.00
274.00,50.00
275.00,50.00
276.00,50.00
277.00,50.00
278.00,50.00
279.00,50.00
280.00,50.00
281.00,50.00
282.00,50.00
283.00,50.00
284.00,50.00
285.00,50.00
286.00,50.00
287.00,50.00
288.00,50.00
289.00,50.00
290.00,50.00
291.00,50.00
292.00,50.00
293.00,50.00
294.00,50.00
295.00,50.00
296.00,50.00
297.00,50.00
298.00,50.00
299.00,50.00
300.00,50.00
301.00,50.00
302.00,50.00
303.00,50.00
304.00,50.00
305.00,50.00
306.00,50.00
307.00,50.00
308.00,50.00
309.00,50.00
310.00,50.00
311.00,50.00
312.00,50.00
313.00,50.00
314.00,50.00
315.00,50.00
316.00,50.00
317.00,50.00
318.00,50.00
319.00,50.00
320.00,50.00
321.00,50.00
322.00,50.00
323.00,50.00
324.00,50.00
325.00,50.00
326.00,50.00
327.00,50.00
328.00,50.00
329.00,50.00
330.00,50.00
331.00,50.00
332.00,50.00
333.00,50.00
334.00,50.00
335.00,50.00
336.00,50.00
337.00,50.00
338.00,50.00
339.00,50.00
340.00,50.00
341.00,50.00
342.00,50.00
343.00,50.00
344.00,50.00
345.00,50.00
346.00,50.00
347.00,50.00
348.00,50.00
349.00,50.00
350.00,50.00
351.00,50.00
352.00,50.00
353.00,50.00
354.00,50.00
355.00,50.00
356.00,50.00
357.00,50.07
358.00,50.30
359.00,50.68
360.00,51.04
361.00,51.42
362.00,51.75
363.00,52.10
364.00,52.47
365.00,52.80
366.00,53.17
367.00,53.52
368.00,53.84
369.00,54.21
370.00,54.55
371.00,54.88
372.00,55.24
373.00,55.58
374.00,55.94
375.00,56.26
376.00,56.62
377.00,56.96
378.00,57.28
379.00,57.64
380.00,57.98
381.00,58.31
382.00,58.65
383.00,58.99
384.00,59.34
385.00,59.66
386.00,60.02
387.00,60.36
388.00,60.67
389.00,61.03
390.00,61.36
391.00,61.72
392.00,62.03
393.00,62.37
394.00,62.72
395.00,63.04
396.00,63.38
397.00,63.73
398.00,64.05
399.00,64.40
400.00,64.73
401.00,65.05
402.00,65.40
403.00,65.74
404.00,66.09
405.00,66.40
406.00,66.76
407.00,67.09
408.00,67.42
409.00,67.76
410.00,68.09
411.00,68.43
412.00,68.76
413.00,69.11
414.00,69.45
415.00,69.76
416.00,70.13
417.00,70.46
418.00,70.78
419.00,71.13
420.00,71.46
421.00,71.78
422.00,72.13
423.00,72.48
424.00,72.82
425.00,73.13
426.00,73.48
427.00,73.82
429.00,74.15
430.00,74.48
431.00,74.82
432.00,75.15
433.00,75.29
434.00,75.31
435.00,75.28
436.00,75.26
437.00,75.23
438.00,75.22
439.00,75.20
440.00,75.19
441.00,75.17
442.00,75.16
443.00,75.15
444.00,75.14
445.00,75.13
446.00,75.12
447.00,75.11
448.00,75.10
449.00,75.10
450.00,75.09
451.00,75.08
452.00,75.08
453.00,75.07
454.00,75.07
455.00,75.06
456.00,75.06
457.00,75.05
458.00,75.05
459.00,75.05
460.00,75.04
461.00,75.04
462.00,75.04
463.00,75.04
464.00,75.03
465.00,75.03
466.00,75.03
467.00,75.03
468.00,75.02
469.00,75.02
470.00,75.02
471.00,75.02
472.00,75.02
473.00,75.02
474.00,75.02
475.00,75.01
476.00,75.01
477.00,75.01
478.00,75.01
479.00,75.01
480.00,75.01
481.00,75.01
482.00,75.01
483.00,75.01
484.00,75.01
485.00,75.01
486.00,75.01
487.00,75.01
488.00,75.01
489.00,75.01
490.00,75.01
491.00,75.00
492.00,75.00
493.00,75.00
494.00,75.00
495.00,75.00
496.00,75.00
497.00,75.00
498.00,75.00
499.00,75.00
500.00,75.00
501.00,75.00
502.00,75.00
503.00,75.00
504.00,75.00
505.00,75.00
506.00,75.00
507.00,75.00
508.00,75.00
509.00,75.00
510.00,75.00
511.00,75.00
512.00,75.00
513.00,75.00
514.00,75.00
515.00,75.00
516.00,75.00
517.00,75.00
518.00,75.00
519.00,75.00
520.00,75.00
521.00,75.00
522.00,75.00
523.00,75.00
524.00,75.00
525.00,75.00
526.00,75.00
527.00,75.00
528.00,75.00
529.00,75.00
530.00,75.00
531.00,75.00
532.00,75.00
533.00,75.00
534.00,75.00
535.00,75.00
536.00,75.00
537.00,75.00
538.00,75.00
539.00,75.00
540.00,75.00
541.00,75.00
542.00,75.00
543.00,75.00
544.00,75.00
545.00,75.00
546.00,75.00
547.00,75.00
548.00,75.00
549.00,75.00
550.00,75.00
551.00,75.00
552.00,75.00
553.00,75.00
554.00,75.00
555.00,75.00
556.00,75.00
557.00,75.00
558.00,75.00
559.00,75.00
560.00,75.00
561.00,75.00
562.00,75.00
563.00,75.00
564.00,75.00
565.00,75.00
566.00,75.00
567.00,75.00
568.00,75.00
569.00,75.00
570.00,75.00
571.00,75.00
572.00,75.00
573.00,75.00
574.00,75.00
575.00,75.00
577.00,75.00
578.00,75.00
579.00,75.00
580.00,75.00
581.00,75.00
582.00,75.00
583.00,75.00
584.00,75.00
585.00,75.00
586.00,75.00
587.00,75.00
588.00,75.00
589.00,75.00
590.00,75.00
591.00,75.00
592.00,75.00
593.00,75.00
594.00,75.00
595.00,75.00
596.00,75.00
597.00,75.00
598.00,75.00
599.00,75.00
600.00,75.00
601.00,75.00
602.00,75.00
603.00,75.00
604.00,75.00
605.00,75.00
606.00,75.00
607.00,75.00
608.00,75.00
609.00,75.00
610.00,75.00
611.00,75.00
612.00,75.00
613.00,75.00
614.00,75.00
615.00,75.00
616.00,75.00
617.00,75.00
618.00,75.00
619.00,75.00
620.00,75.00
621.00,75.00
622.00,75.00
623.00,75.00
624.00,75.00
625.00,75.00
626.00,75.00
627.00,75.00
628.00,75.00
629.00,75.00
630.00,75.00
631.00,75.00
632.00,75.00
633.00,75.00
634.00,75.00
635.00,75.00
636.00,75.00
637.00,75.00
638.00,75.00
639.00,75.00
640.00,75.00
641.00,75.00
642.00,75.00
643.00,75.00
644.00,75.00
645.00,75.00
646.00,75.00
647.00,75.00
648.00,75.00
649.00,75.00
650.00,75.00
651.00,75.00
652.00,75.00
653.00,75.00
654.00,75.00
655.00,75.00
656.00,75.00
657.00,75.00
658.00,75.00
659.00,75.00
660.00,75.00
661.00,75.00
662.00,75.00
663.00,75.00
664.00,75.00
665.00,75.00
666.00,75.00
667.00,75.00
668.00,75.00
669.00,75.00
670.00,75.00
671.00,75.00
672.00,75.00
673.00,75.00
674.00,75.00
675.00,75.00
676.00,75.00
677.00,75.00
678.00,75.00
679.00,75.00
680.00,75.00
681.00,75.00
682.00,75.00
683.00,75.00
684.00,75.00
685.00,75.00
686.00,75.00
687.00,75.00
688.00,75.00
689.00,75.00
690.00,75.00
691.00,75.00
692.00,75.00
693.00,75.00
694.00,75.00
695.00,75.00
696.00,75.00
697.00,75.00
698.00,75.00
700.00,75.00
701.00,75.00
702.00,75.00
703.00,75.00
704.00,75.00
705.00,75.00
706.00,75.00
707.00,75.02
708.00,75.19
709.00,75.55
710.00,75.92
711.00,76.26
712.00,76.62
713.00,76.97
714.00,77.34
715.00,77.68
716.00,78.03
717.00,78.38
718.00,78.72
719.00,79.06
720.00,79.42
721.00,79.75
722.00,80.11
723.00,80.45
724.00,80.81
725.00,81.13
726.00,81.49
727.00,81.82
728.00,82.16
729.00,82.50
730.00,82.86
731.00,83.18
732.00,83.51
733.00,83.87
734.00,84.22
735.00,84.54
736.00,84.89
737.00,85.23
738.00,85.57
739.00,85.90
740.00,86.25
741.00,86.57
742.00,86.93
743.00,87.26
744.00,87.60
745.00,87.93
746.00,88.28
747.00,88.62
748.00,88.95
749.00,89.29
750.00,89.62
751.00,89.96
752.00,90.31
753.00,90.64
754.00,90.99
755.00,91.31
756.00,91.64
757.00,91.99
758.00,92.31
759.00,92.66
760.00,93.01
761.00,93.35
762.00,93.68
763.00,94.02
764.00,94.37
765.00,94.68
766.00,95.02
767.00,95.37
768.00,95.68
769.00,96.02
770.00,96.37
771.00,96.70
772.00,97.02
773.00,97.37
774.00,97.70
775.00,98.04
776.00,98.37
777.00,98.72
778.00,99.04
779.00,99.39
780.00,99.72
781.00,100.07
782.00,100.26
783.00,100.28
784.00,100.25
785.00,100.22
786.00,100.20
787.00,100.19
788.00,100.17
789.00,100.16
790.00,100.15
791.00,100.14
792.00,100.13
793.00,100.12
794.00,100.11
795.00,100.11
796.00,100.10
797.00,100.09
798.00,100.08
799.00,100.08
800.00,100.07
801.00,100.07
802.00,100.06
803.00,100.06
804.00,100.05
805.00,100.05
806.00,100.05
807.00,100.04
808.00,100.04
809.00,100.04
811.00,100.04
812.00,100.03
813.00,100.03
814.00,100.03
815.00,100.03
816.00,100.03
817.00,100.02
818.00,100.02
819.00,100.02
820.00,100.02
821.00,100.02
822.00,100.02
823.00,100.02
824.00,100.01
825.00,100.01
826.00,100.01
827.00,100.01
828.00,100.01
829.00,100.01
830.00,100.01
831.00,100.01
832.00,100.01
833.00,100.01
834.00,100.01
835.00,100.01
836.00,100.01
837.00,100.01
838.00,100.01
839.00,100.01
840.00,100.00
841.00,100.00
842.00,100.00
843.00,100.00
844.00,100.00
845.00,100.00
846.00,100.00
847.00,100.00
848.00,100.00
849.00,100.00
850.00,100.00
851.00,100.00
852.00,100.00
853.00,100.00
854.00,100.00
855.00,100.00
856.00,100.00
857.00,100.00
858.00,100.00
859.00,100.00
860.00,100.00
861.00,100.00
862.00,100.00
863.00,100.00
864.00,100.00
865.00,100.00
866.00,100.00
867.00,100.00
868.00,100.00
869.00,100.00
870.00,100.00
871.00,100.00
872.00,100.00
873.00,100.00
874.00,100.00
875.00,100.00
876.00,100.00
877.00,100.00
878.00,100.00
879.00,100.00
880.00,100.00
881.00,100.00
882.00,100.00
883.00,100.00
884.00,100.00
885.00,100.00
886.00,100.00
887.00,100.00
888.00,100.00
889.00,100.00
890.00,100.00
891.00,100.00
892.00,100.00
893.00,100.00
894.00,100.00
895.00,100.00
896.00,100.00
897.00,100.00
898.00,100.00
899.00,100.00
900.00,100.00
901.00,100.00
902.00,100.00
903.00,100.00
904.00,100.00
905.00,100.00
906.00,100.00
907.00,100.00
908.00,100.00
909.00,100.00
910.00,100.00
911.00,100.00
913.00,100.00
914.00,100.00
915.00,100.00
916.00,100.00
917.00,100.00
918.00,100.00
919.00,100.00
920.00,100.00
921.00,100.00
922.00,100.00
923.00,100.00
924.00,100.00
925.00,100.00
926.00,100.00
927.00,100.00
928.00,100.00
929.00,100.00
930.00,100.00
931.00,100.00
932.00,100.00
933.00,100.00
934.00,100.00
935.00,100.00
936.00,100.00
937.00,100.00
938.00,100.00
939.00,100.00
940.00,100.00
941.00,100.00
942.00,100.00
943.00,100.00
944.00,100.00
945.00,100.00
946.00,100.00
947.00,100.00
948.00,100.00
949.00,100.00
950.00,100.00
951.00,100.00
952.00,100.00
953.00,100.00
954.00,100.00
955.00,100.00
956.00,100.00
957.00,100.00
958.00,100.00
959.00,100.00
960.00,100.00
961.00,100.00
962.00,100.00
963.00,100.00
964.00,100.00
965.00,100.00
966.00,100.00
967.00,100.00
968.00,100.00
969.00,100.00
970.00,100.00
971.00,100.00
972.00,100.00
973.00,100.00
974.00,100.00
975.00,100.00
976.00,100.00
977.00,100.00
978.00,100.00
979.00,100.00
980.00,100.00
981.00,100.00
982.00,100.00
983.00,100.00
984.00,100.00
985.00,100.00
986.00,100.00
987.00,100.00
988.00,100.00
989.00,100.00
990.00,100.00
991.00,100.00
992.00,100.00
993.00,100.00
994.00,100.00
995.00,100.00
996.00,100.00
997.00,100.00
998.00,100.00
999.00,100.00
1000.00,100.00
1001.00,100.00
1002.00,100.00
1003.00,100.00
1004.00,100.00
1005.00,100.00
1006.00,100.00
1007.00,100.00
1008.00,100.00
1009.00,100.00
1011.00,100.00
1012.00,100.00
1013.00,100.00
1014.00,100.00
1015.00,100.00
1016.00,100.00
1017.00,100.00
1018.00,100.00
1019.00,100.00
1020.00,100.00
1021.00,100.00
1022.00,100.00
1023.00,100.00
1024.00,100.00
1025.00,100.00
1026.00,100.00
1027.00,100.00
1028.00,100.00
1029.00,100.00
1030.00,100.00
1031.00,100.00
1032.00,100.00
1033.00,100.00
1034.00,100.00
1035.00,100.00
1036.00,100.00
1037.00,100.00
1038.00,100.00
1039.00,100.00
1040.00,100.00
1041.00,100.00
1042.00,100.00
1043.00,100.00
1044.00,100.00
1045.00,100.00
1046.00,100.00
1047.00,100.00
1048.00,100.00
1049.00,100.00
1050.00,100.00
1051.00,100.00
1052.00,100.00
1053.00,100.00
1054.00,100.00
1055.00,100.00
1056.00,100.01
1057.00,100.15
1058.00,100.49
1059.00,100.87
1060.00,101.22
1061.00,101.58
1062.00,101.91
1063.00,102.28
1064.00,102.62
1065.00,102.97
1066.00,103.31
1067.00,103.67
1068.00,104.00
1069.00,104.36
1070.00,104.70
1071.00,105.05
1072.00,105.38
1073.00,105.73
1074.00,106.07
1075.00,106.41
1076.00,106.75
1077.00,107.10
1078.00,107.46
1079.00,107.78
1080.00,108.12
1081.00,108.47
1082.00,108.81
1083.00,109.14
1084.00,109.50
1085.00,109.83
1086.00,110.15
1087.00,110.51
1088.00,110.86
1089.00,111.18
1090.00,111.51
1091.00,111.86
1092.00,112.18
1093.00,112.52
1094.00,112.87
1095.00,113.19
1096.00,113.54
1097.00,113.87
1098.00,114.22
1099.00,114.54
1100.00,114.89
1101.00,115.23
1102.00,115.56
1103.00,115.89
1104.00,116.25
1105.00,116.56
1106.00,116.91
1107.00,117.26
1108.00,117.60
1109.00,117.91
1110.00,118.26
1111.00,118.60
1112.00,118.92
1113.00,119.27
1114.00,119.60
1115.00,119.95
1116.00,120.27
1117.00,120.60
1118.00,120.95
1119.00,121.29
1120.00,121.62
1121.00,121.97
1122.00,122.29
1123.00,122.62
1124.00,122.97
1125.00,123.32
1126.00,123.64
1128.00,123.99
1129.00,124.32
1130.00,124.65
1131.00,125.00
1132.00,125.24
1133.00,125.27
1134.00,125.23
1135.00,125.20
1136.00,125.18
1137.00,125.17
1138.00,125.16
1139.00,125.15
1140.00,125.14
1141.00,125.13
1142.00,125.12
1143.00,125.11
1144.00,125.10
1145.00,125.10
1146.00,125.09
1147.00,125.08
1148.00,125.08
1149.00,125.07
1150.00,125.07
1151.00,125.06
1152.00,125.06
1153.00,125.05
1154.00,125.05
1155.00,125.05
1156.00,125.04
1157.00,125.04
1158.00,125.04
1159.00,125.04
1160.00,125.03
1161.00,125.03
1162.00,125.03
1163.00,125.03
1164.00,125.03
1165.00,125.02
1166.00,125.02
1167.00,125.02
1168.00,125.02
1169.00,125.02
1170.00,125.02
1171.00,125.02
1172.00,125.01
1173.00,125.01
1174.00,125.01
1175.00,125.01
1176.00,125.01
1177.00,125.01
1178.00,125.01
1179.00,125.01
1180.00,125.01
1181.00,125.01
1182.00,125.01
1183.00,125.01
1184.00,125.01
1185.00,125.01
1186.00,125.01
1187.00,125.00
1188.00,125.00
1189.00,125.00
1190.00,125.00
1191.00,125.00
1192.00,125.00
1193.00,125.00
1194.00,125.00
1195.00,125.00
1196.00,125.00
1197.00,125.00
1198.00,125.00
1199.00,125.00
1200.00,125.00
1201.00,125.00
1202.00,125.00
1203.00,125.00
1204.00,125.00
1205.00,125.00
1206.00,125.00
1207.00,125.00
1208.00,125.00
1209.00,125.00
1210.00,125.00
1211.00,125.00
1212.00,125.00
1213.00,125.00
1214.00,125.00
1215.00,125.00
1216.00,125.00
1217.00,125.00
1218.00,125.00
1219.00,125.00
1220.00,125.00
1221.00,125.00
1222.00,125.00
1223.00,125.00
1224.00,125.00
1225.00,125.00
1226.00,125.00
1227.00,125.00
1228.00,125.00
1229.00,125.00
1230.00,125.00
1231.00,125.00
1233.00,125.00
1234.00,125.00
1235.00,125.00
1236.00,125.00
1237.00,125.00
1238.00,125.00
1239.00,125.00
1240.00,125.00
1241.00,125.00
1242.00,125.00
1243.00,125.00
1244.00,125.00
1245.00,125.00
1246.00,125.00
1247.00,125.00
1248.00,125.00
1249.00,125.00
1250.00,125.00
1251.00,125.00
1252.00,125.00
1253.00,125.00
1254.00,125.00
1255.00,125.00
1256.00,125.00
1257.00,125.00
1258.00,125.00
1259.00,125.00
1260.00,125.00
1261.00,125.00
1262.00,125.00
1263.00,125.00
1264.00,125.00
1265.00,125.00
1266.00,125.00
1267.00,125.00
1268.00,125.00
1269.00,125.00
1270.00,125.00
1271.00,125.00
1272.00,125.00
1273.00,125.00
1274.00,125.00
1275.00,125.00
1276.00,125.00
1277.00,125.00
1278.00,125.00
1279.00,125.00
1280.00,125.00
1281.00,125.00
1282.00,125.00
1283.00,125.00
1284.00,125.00
1285.00,125.00
1286.00,125.00
1287.00,125.00
1288.00,125.00
1289.00,125.00
1290.00,125.00
1291.00,125.00
1292.00,125.00
1293.00,125.00
1294.00,125.00
1295.00,125.00
1296.00,125.00
1297.00,125.00
1298.00,125.00
1299.00,125.00
1300.00,125.00
1301.00,125.00
1302.00,125.00
1303.00,125.00
1304.00,125.00
1305.00,125.00
1306.00,125.00
1307.00,125.00
1308.00,125.00
1309.00,125.00
1310.00,125.00
1311.00,125.00
1312.00,125.00
1313.00,125.00
1314.00,125.00
1315.00,125.00
1316.00,125.00
1317.00,125.00
1318.00,125.00
1319.00,125.00
1320.00,125.00
1321.00,125.00
1322.00,125.00
1323.00,125.00
1324.00,125.00
1325.00,125.00
1326.00,125.00
1327.00,125.00
1328.00,125.00
1329.00,125.00
1330.00,125.00
1331.00,125.00
1332.00,125.00
1333.00,125.00
1334.00,125.00
1335.00,125.00
1336.00,125.00
1337.00,125.00
1338.00,125.00
1339.00,125.00
1340.00,125.00
1342.00,125.00
1343.00,125.00
1344.00,125.00
1345.00,125.00
1346.00,125.00
1347.00,125.00
1348.00,125.00
1349.00,125.00
1350.00,125.00
1351.00,125.00
1352.00,125.00
1353.00,125.00
1354.00,125.00
1355.00,125.00
1356.00,125.00
1357.00,125.00
1358.00,125.00
1359.00,125.00
1360.00,125.00
1361.00,125.00
1362.00,125.00
1363.00,125.00
1364.00,125.00
1365.00,125.00
1366.00,125.00
1367.00,125.00
1368.00,125.00
1369.00,125.00
1370.00,125.00
1371.00,125.00
1372.00,125.00
1373.00,125.00
1374.00,125.00
1375.00,125.00
1376.00,125.00
1377.00,125.00
1378.00,125.00
1379.00,125.00
1380.00,125.00
1381.00,125.00
1382.00,125.00
1383.00,125.00
1384.00,125.00
1385.00,125.00
1386.00,125.00
1387.00,125.00
1388.00,125.00
1389.00,125.00
1390.00,125.00
1391.00,125.00
1392.00,125.00
1393.00,125.00
1394.00,125.00
1395.00,125.00
1396.00,125.00
1397.00,125.00
1398.00,125.00
1399.00,125.00
1400.00,125.00
1401.00,125.00
1402.00,125.00
1403.00,125.00
1404.00,125.00
1405.00,125.00
1406.00,125.03
1407.00,125.28
1408.00,125.66
1409.00,126.04
1410.00,126.36
1411.00,126.71
1412.00,127.07
1413.00,127.40
1414.00,127.74
1415.00,128.10
1416.00,128.43
1417.00,128.79
1418.00,129.13
1419.00,129.45
1420.00,129.81
1421.00,130.15
1422.00,130.47
1423.00,130.83
1424.00,131.18
1425.00,131.52
1426.00,131.86
1427.00,132.19
1428.00,132.55
1429.00,132.87
1430.00,133.20
1431.00,133.56
1432.00,133.88
1433.00,134.23
1434.00,134.56
1435.00,134.88
1436.00,135.24
1437.00,135.57
1438.00,135.92
1439.00,136.24
1440.00,136.59
1441.00,136.93
1442.00,137.25
1443.00,137.60
1444.00,137.93
1445.00,138.27
1446.00,138.60
1447.00,138.94
1448.00,139.27
1449.00,139.60
1450.00,139.94
1451.00,140.29
1452.00,140.61
1453.00,140.94
1454.00,141.29
1455.00,141.61
1456.00,141.94
1457.00,142.29
1458.00,142.64
1459.00,142.96
1460.00,143.29
1461.00,143.64
1462.00,143.96
1463.00,144.29
1464.00,144.64
1465.00,144.96
1466.00,145.29
1467.00,145.64
1468.00,145.98
1469.00,146.31
1470.00,146.64
1471.00,147.00
1472.00,147.31
1473.00,147.66
1474.00,148.01
1475.00,148.33
1476.00,148.68
1477.00,149.03
1478.00,149.35
1479.00,149.71
1480.00,150.04
1481.00,150.24
1482.00,150.24
1483.00,150.20
1484.00,150.17
1485.00,150.16
1486.00,150.15
1488.00,150.14
1489.00,150.13
1490.00,150.12
1491.00,150.11
1492.00,150.11
1493.00,150.10
1494.00,150.09
1495.00,150.09
1496.00,150.08
1497.00,150.07
1498.00,150.07
1499.00,150.06
1500.00,150.06
1501.00,150.06
1502.00,150.05
1503.00,150.05
1504.00,150.05
1505.00,150.04
1506.00,150.04
1507.00,150.04
1508.00,150.03
1509.00,150.03
1510.00,150.03
1511.00,150.03
1512.00,150.03
1513.00,150.02
1514.00,150.02
1515.00,150.02
1516.00,150.02
1517.00,150.02
1518.00,150.02
1519.00,150.02
1520.00,150.02
1521.00,150.01
1522.00,150.01
1523.00,150.01
1524.00,150.01
1525.00,150.01
1526.00,150.01
1527.00,150.01
1528.00,150.01
1529.00,150.01
1530.00,150.01
1531.00,150.01
1532.00,150.01
1533.00,150.01
1534.00,150.01
1535.00,150.01
1536.00,150.00
1537.00,150.01
1538.00,150.00
1539.00,150.00
1540.00,150.00
1541.00,150.00
1542.00,150.00
1543.00,150.00
1544.00,150.00
1545.00,150.00
1546.00,150.00
1547.00,150.00
1548.00,150.00
1549.00,150.00
1550.00,150.00
1551.00,150.00
1552.00,150.00
1553.00,150.00
1554.00,150.00
1555.00,150.00
1556.00,150.00
1557.00,150.00
1558.00,150.00
1559.00,150.00
1560.00,150.00
1561.00,150.00
1562.00,150.00
1563.00,150.00
1564.00,150.00
1565.00,150.00
1566.00,150.00
1567.00,150.00
1568.00,150.00
1569.00,150.00
1570.00,150.00
1571.00,150.00
1572.00,150.00
1573.00,150.00
1574.00,150.00
1575.00,150.00
1576.00,150.00
1577.00,150.00
1578.00,150.00
1579.00,150.00
1580.00,150.00
1581.00,150.00
1582.00,150.00
1583.00,150.00
1584.00,150.00
1585.00,150.00
1586.00,150.00
1587.00,150.00
1588.00,150.00
1589.00,150.00
1590.00,150.00
1591.00,150.00
1592.00,150.00
1593.00,150.00
1594.00,150.00
1595.00,150.00
1596.00,150.00
1597.00,150.00
1598.00,150.00
1599.00,150.00
1600.00,150.00
1601.00,150.00
1602.00,150.00
1603.00,150.00
1604.00,150.00
1605.00,150.00
1606.00,150.00
1607.00,150.00
1608.00,150.00
1609.00,150.00
1610.00,150.00
1611.00,150.00
1612.00,150.00
1613.00,150.00
1615.00,150.00
1616.00,150.00
1617.00,150.00
1618.00,150.00
1619.00,150.00
1620.00,150.00
1621.00,150.00
1622.00,150.00
1623.00,150.00
1624.00,150.00
1625.00,150.00
1626.00,150.00
1627.00,150.00
1628.00,150.00
1629.00,150.00
1630.00,150.00
1631.00,150.00
1632.00,150.00
1633.00,150.00
1634.00,150.00
1635.00,150.00
1636.00,150.00
1637.00,150.00
1638.00,150.00
1639.00,150.00
1640.00,150.00
1641.00,150.00
1642.00,150.00
1643.00,150.00
1644.00,150.00
1645.00,150.00
1646.00,150.00
1647.00,150.00
1648.00,150.00
1649.00,150.00
1650.00,150.00
1651.00,150.00
1652.00,150.00
1653.00,150.00
1654.00,150.00
1655.00,150.00
1656.00,150.00
1657.00,150.00
1658.00,150.00
1659.00,150.00
1660.00,150.00
1661.00,150.00
1662.00,150.00
1663.00,150.00
1664.00,150.00
1665.00,150.00
1666.00,150.00
1667.00,150.00
1668.00,150.00
1669.00,150.00
1670.00,150.00
1671.00,150.00
1672.00,150.00
1673.00,150.00
1674.00,150.00
1675.00,150.00
1676.00,150.00
1677.00,150.00
1678.00,150.00
1679.00,150.00
1680.00,150.00
1681.00,150.00
1682.00,150.00
1683.00,150.00
1684.00,150.00
1685.00,150.00
1686.00,150.00
1687.00,150.00
1688.00,150.00
1689.00,150.00
1690.00,150.00
1691.00,150.00
1692.00,150.00
1693.00,150.00
1694.00,150.00
1695.00,150.00
1696.00,150.00
1697.00,150.00
1698.00,150.00
1699.00,150.00
1700.00,150.00
1701.00,150.00
1702.00,150.00
1703.00,150.00
1704.00,150.00
1705.00,150.00
1706.00,150.00
1707.00,150.00
1708.00,150.00
1709.00,150.00
1710.00,150.00
1711.00,150.00
1712.00,150.00
1713.00,150.00
1714.00,150.00
1715.00,150.00
1716.00,150.00
1717.00,150.00
1718.00,150.00
1719.00,150.00
1720.00,150.00
1721.00,150.00
1722.00,150.00
1723.00,150.00
1724.00,150.00
1725.00,150.00
1726.00,150.00
1727.00,150.00
1728.00,150.00
1729.00,150.00
1730.00,150.00
1731.00,150.00
1732.00,150.00
1733.00,150.00
1734.00,150.00
1735.00,150.00
1736.00,150.00
1737.00,150.00
1738.00,150.00
1739.00,150.00
1740.00,150.00
1741.00,150.00
1742.00,150.00
1743.00,150.00
1744.00,150.00
1745.00,150.00
1746.00,150.00
1747.00,150.00
1748.00,150.00
1749.00,150.00
1750.00,150.00
1751.00,150.00
1752.00,150.00
1753.00,150.00
1754.00,150.00
1755.00,150.02
1757.00,150.24
1758.00,150.62
1759.00,151.01
1760.00,151.33
1761.00,151.69
1762.00,152.04
1763.00,152.40
1764.00,152.72
1765.00,153.08
1766.00,153.42
1767.00,153.76
1768.00,154.10
1769.00,154.44
1770.00,154.78
1771.00,155.12
1772.00,155.48
1773.00,155.80
1774.00,156.14
1775.00,156.49
1776.00,156.84
1777.00,157.16
1778.00,157.50
1779.00,157.85
1780.00,158.17
1781.00,158.53
1782.00,158.86
1783.00,159.18
1784.00,159.53
1785.00,159.87
1786.00,160.20
1787.00,160.54
1788.00,160.89
1789.00,161.21
1790.00,161.56
1791.00,161.89
1792.00,162.23
1793.00,162.58
1794.00,162.92
1795.00,163.25
1796.00,163.60
1797.00,163.94
1798.00,164.27
1799.00,164.62
1800.00,164.94
1801.00,165.29
1802.00,165.62
1803.00,165.96
1804.00,166.29
1805.00,166.62
1806.00,166.96
1807.00,167.29
1808.00,167.62
1809.00,167.96
1810.00,168.29
1811.00,168.64
1812.00,168.96
1813.00,169.31
1814.00,169.64
1815.00,169.98
1816.00,170.31
1817.00,170.64
1818.00,170.98
1819.00,171.31
1820.00,171.64
1821.00,171.99
1822.00,172.31
1823.00,172.66
1824.00,172.99
1825.00,173.33
1826.00,173.66
1827.00,173.99
1828.00,174.34
1829.00,174.66
1830.00,174.99
1831.00,175.23
1832.00,175.23
1833.00,175.18
1834.00,175.16
1835.00,175.15
1836.00,175.14
1837.00,175.13
1838.00,175.12
1839.00,175.11
1840.00,175.11
1841.00,175.10
1842.00,175.09
1843.00,175.09
1844.00,175.08
1845.00,175.08
1846.00,175.07
1847.00,175.06
1848.00,175.06
1849.00,175.06
1850.00,175.05
1851.00,175.05
1852.00,175.05
1853.00,175.04
1854.00,175.04
1855.00,175.04
1856.00,175.03
1857.00,175.03
1858.00,175.03
1859.00,175.03
1860.00,175.03
1861.00,175.02
1862.00,175.02
1863.00,175.02
1864.00,175.02
1865.00,175.02
1866.00,175.02
1867.00,175.02
1868.00,175.02
1869.00,175.01
1870.00,175.01
1871.00,175.01
1872.00,175.01
1873.00,175.01
1874.00,175.01
1875.00,175.01
1876.00,175.01
1877.00,175.01
1878.00,175.01
1879.00,175.01
1880.00,175.01
1881.00,175.01
1882.00,175.01
1883.00,175.01
1884.00,175.00
1885.00,175.00
1886.00,175.00
1887.00,175.00
1888.00,175.00
1889.00,175.00
1890.00,175.00
1891.00,175.00
1892.00,175.00
1893.00,175.00
1894.00,175.00
1895.00,175.00
1896.00,175.00
1897.00,175.00
1898.00,175.00
1899.00,175.00
1900.00,175.00
1901.00,175.00
1902.00,175.00
1903.00,175.00
1904.00,175.00
1905.00,175.00
1906.00,175.00
1907.00,175.00
1908.00,175.00
1909.00,175.00
1910.00,175.00
1912.00,175.00
1913.00,175.00
1914.00,175.00
1915.00,175.00
1916.00,175.00
1917.00,175.00
1918.00,175.00
1919.00,175.00
1920.00,175.00
1921.00,175.00
1922.00,175.00
1923.00,175.00
1924.00,175.00
1925.00,175.00
1926.00,175.00
1927.00,175.00
1928.00,175.00
1929.00,175.00
1930.00,175.00
1931.00,175.00
1932.00,175.00
1933.00,175.00
1934.00,175.00
1935.00,175.00
1936.00,175.00
1937.00,175.00
1938.00,175.00
1939.00,175.00
1940.00,175.00
1941.00,175.00
1942.00,175.00
1943.00,175.00
1944.00,175.00
1945.00,175.00
1946.00,175.00
1947.00,175.00
1948.00,175.00
1949.00,175.00
1950.00,175.00
1951.00,175.00
1952.00,175.00
1953.00,175.00
1954.00,175.00
1955.00,175.00
1956.00,175.00
1957.00,175.00
1959.00,175.00
1960.00,175.00
1961.00,175.00
1962.00,175.00
1963.00,175.00
1964.00,175.00
1965.00,175.00
1966.00,175.00
1967.00,175.00
1968.00,175.00
1969.00,175.00
1970.00,175.00
1971.00,175.00
1972.00,175.00
1973.00,175.00
1974.00,175.00
1975.00,175.00
1976.00,175.00
1977.00,175.00
1978.00,175.00
1979.00,175.00
1980.00,175.00
1981.00,175.00
1982.00,175.00
1983.00,175.00
1984.00,175.00
1985.00,175.00
1986.00,175.00
1987.00,175.00
1988.00,175.00
1989.00,175.00
1990.00,175.00
1991.00,175.00
1992.00,175.00
1993.00,175.00
1994.00,175.00
1995.00,175.00
1996.00,175.00
1997.00,175.00
1998.00,175.00
1999.00,175.00
2000.00,175.00
2001.00,175.00
2002.00,175.00
2003.00,175.00
2004.00,175.00
2005.00,175.00
2006.00,175.00
2007.00,175.00
2008.00,175.00
2009.00,175.00
2010.00,175.00
2011.00,175.00
2012.00,175.00
2013.00,175.00
2014.00,175.00
2015.00,175.00
2016.00,175.00
2017.00,175.00
2018.00,175.00
2019.00,175.00
2020.00,175.00
2021.00,175.00
2022.00,175.00
2023.00,175.00
2024.00,175.00
2025.00,175.00
2026.00,175.00
2027.00,175.00
2028.00,175.00
2029.00,175.00
2030.00,175.00
2031.00,175.00
2032.00,175.00
2033.00,175.00
2034.00,175.00
2035.00,175.00
2036.00,175.00
2037.00,175.00
2038.00,175.00
2039.00,175.00
2040.00,175.00
2041.00,175.00
2042.00,175.00
2043.00,175.00
2044.00,175.00
2045.00,175.00
2046.00,175.00
2047.00,175.00
2048.00,175.00
2049.00,175.00
2050.00,175.00
2051.00,175.00
2052.00,175.00
2053.00,175.00
2054.00,175.00
2055.00,175.00
2056.00,175.00
2057.00,175.00
2058.00,175.00
2059.00,175.00
2060.00,175.00
2061.00,175.00
2062.00,175.00
2063.00,175.00
2064.00,175.00
2065.00,175.00
2066.00,175.00
2067.00,175.00
2068.00,175.00
2069.00,175.00
2070.00,175.00
2071.00,175.00
2072.00,175.00
2073.00,175.00
2074.00,175.00
2075.00,175.00
2076.00,175.00
2077.00,175.00
2078.00,175.00
2079.00,175.00
2080.00,175.00
2081.00,175.00
2082.00,175.00
2083.00,175.00
2084.00,175.00
2085.00,175.00
2086.00,175.00
2087.00,175.00
2088.00,175.00
2089.00,175.00
2090.00,175.00
2091.00,175.00
2092.00,175.00
2093.00,175.00
2094.00,175.00
2095.00,175.00
2096.00,175.00
2097.00,175.00
2098.00,175.00
2099.00,175.00
2100.00,175.00
2101.00,175.00
2102.00,175.00
2103.00,175.00
2104.00,175.00
2105.00,175.01
2106.00,175.18
2107.00,175.57
2108.00,175.94
2110.00,176.28
2111.00,176.63
2112.00,176.98
2113.00,177.31
2114.00,177.66
2115.00,178.02
2116.00,178.35
2117.00,178.69
2118.00,179.04
2119.00,179.37
2120.00,179.72
2121.00,180.06
2122.00,180.38
2123.00,180.74
2124.00,181.07
2125.00,181.43
2126.00,181.75
2127.00,182.09
2128.00,182.44
2129.00,182.76
2130.00,183.11
2131.00,183.45
2132.00,183.80
2133.00,184.12
2134.00,184.45
2135.00,184.80
2136.00,185.12
2137.00,185.47
2138.00,185.81
2139.00,186.13
2140.00,186.48
2141.00,186.83
2142.00,187.15
2143.00,187.48
2144.00,187.83
2145.00,188.19
2146.00,188.50
2147.00,188.84
2148.00,189.19
2149.00,189.50
2150.00,189.85
2151.00,190.19
2152.00,190.52
2153.00,190.86
2154.00,191.19
2155.00,191.52
2156.00,191.86
2157.00,192.21
2158.00,192.52
2159.00,192.87
2160.00,193.21
2161.00,193.54
2162.00,193.88
2163.00,194.21
2164.00,194.56
2165.00,194.88
2166.00,195.21
2167.00,195.56
2168.00,195.88
2169.00,196.23
2170.00,196.58
2171.00,196.89
2172.00,197.23
2173.00,197.58
2174.00,197.91
2175.00,198.24
2176.00,198.58
2177.00,198.91
2178.00,199.24
2179.00,199.59
2180.00,199.94
2181.00,200.20
2182.00,200.23
2183.00,200.17
2184.00,200.14
2185.00,200.14
2186.00,200.13
2187.00,200.12
2188.00,200.11
2189.00,200.11
2190.00,200.10
2191.00,200.09
2192.00,200.09
2193.00,200.08
2194.00,200.07
2195.00,200.07
2196.00,200.07
2197.00,200.06
2198.00,200.06
2199.00,200.05
2200.00,200.05
2201.00,200.05
2202.00,200.04
2203.00,200.04
2204.00,200.04
2205.00,200.03
2206.00,200.03
2207.00,200.03
2208.00,200.03
2209.00,200.03
2210.00,200.03
2211.00,200.02
2212.00,200.02
2213.00,200.02
2214.00,200.02
2215.00,200.02
2216.00,200.02
2217.00,200.02
2218.00,200.01
2219.00,200.01
2220.00,200.01
2221.00,200.01
2222.00,200.01
2223.00,200.01
2224.00,200.01
2225.00,200.01
2226.00,200.01
2227.00,200.01
2228.00,200.01
2229.00,200.01
2230.00,200.01
2231.00,200.01
2232.00,200.01
2233.00,200.01
2234.00,200.00
2235.00,200.00
2236.00,200.00
2237.00,200.00
2238.00,200.00
2239.00,200.00
2240.00,200.00
2241.00,200.00
2242.00,200.00
2243.00,200.00
2244.00,200.00
2245.00,200.00
2247.00,200.00
2248.00,200.00
2249.00,200.00
2250.00,200.00
2251.00,200.00
2252.00,200.00
2253.00,200.00
2254.00,200.00
2255.00,200.00
2256.00,200.00
2257.00,200.00
2258.00,200.00
2259.00,200.00
2260.00,200.00
2261.00,200.00
2262.00,200.00
2263.00,200.00
2264.00,200.00
2265.00,200.00
2266.00,200.00
2267.00,200.00
2268.00,200.00
2269.00,200.00
2270.00,200.00
2271.00,200.00
2272.00,200.00
2273.00,200.00
2274.00,200.00
2275.00,200.00
2276.00,200.00
2277.00,200.00
2278.00,200.00
2279.00,200.00
2280.00,200.00
2281.00,200.00
2282.00,200.00
2283.00,200.00
2284.00,200.00
2285.00,200.00
2286.00,200.00
2287.00,200.00
2288.00,200.00
2289.00,200.00
2290.00,200.00
2291.00,200.00
2292.00,200.00
2293.00,200.00
2294.00,200.00
2295.00,200.00
2296.00,200.00
2297.00,200.00
2298.00,200.00
2299.00,200.00
2300.00,200.00
2301.00,200.00
2302.00,200.00
2303.00,200.00
2304.00,200.00
2305.00,200.00
2306.00,200.00
2307.00,200.00
2308.00,200.00
2309.00,200.00
2310.00,200.00
2311.00,200.00
2312.00,200.00
2313.00,200.00
2314.00,200.00
2315.00,200.00
2316.00,200.00
2317.00,200.00
2318.00,200.00
2319.00,200.00
2320.00,200.00
2321.00,200.00
2322.00,200.00
2323.00,200.00
2324.00,200.00
2325.00,200.00
2326.00,200.00
2327.00,200.00
2328.00,200.00
2329.00,200.00
2330.00,200.00
2331.00,200.00
2332.00,200.00
2333.00,200.00
2334.00,200.00
2335.00,200.00
2336.00,200.00
2337.00,200.00
2338.00,200.00
2339.00,200.00
2340.00,200.00
2341.00,200.00
2342.00,200.00
2343.00,200.00
2344.00,200.00
2345.00,200.00
2346.00,200.00
2347.00,200.00
2348.00,200.00
2349.00,200.00
2350.00,200.00
2351.00,200.00
2352.00,200.00
2353.00,200.00
2354.00,200.00
2355.00,200.00
2356.00,200.00
2357.00,200.00
2358.00,200.00
2359.00,200.00
2360.00,200.00
2361.00,200.00
2362.00,200.00
2363.00,200.00
2364.00,200.00
2365.00,200.00
2366.00,200.00
2367.00,200.00
2368.00,200.00
2369.00,200.00
2370.00,200.00
2371.00,200.00
2372.00,200.00
2373.00,200.00
2374.00,200.00
2375.00,200.00
2376.00,200.00
2377.00,200.00
2378.00,200.00
2379.00,200.00
2380.00,200.00
2381.00,200.00
2382.00,200.00
2383.00,200.00
2384.00,200.00
2385.00,200.00
2386.00,200.00
2387.00,200.00
2389.00,200.00
2390.00,200.00
2391.00,200.00
2392.00,200.00
2393.00,200.00
2394.00,200.00
2395.00,200.00
2396.00,200.00
2397.00,200.00
2398.00,200.00
2399.00,200.00
2400.00,200.00
2401.00,200.00
2402.00,200.00
2403.00,200.00
2404.00,200.00
2405.00,200.00
2406.00,200.00
2407.00,200.00
2408.00,200.00
2409.00,200.00
2410.00,200.00
2411.00,200.00
2412.00,200.00
2413.00,200.00
2414.00,200.00
2415.00,200.00
2416.00,200.00
2417.00,200.00
2418.00,200.00
2419.00,200.00
2420.00,200.00
2421.00,200.00
2422.00,200.00
2423.00,200.00
2424.00,200.00
2425.00,200.00
2426.00,200.00
2427.00,200.00
2428.00,200.00
2429.00,200.00
2430.00,200.00
2431.00,200.00
2432.00,200.00
2433.00,200.00
2434.00,200.00
2435.00,200.00
2436.00,200.00
2437.00,200.00
2438.00,200.00
2439.00,200.00
2440.00,200.00
2441.00,200.00
2442.00,200.00
2443.00,200.00
2444.00,200.00
2445.00,200.00
2446.00,200.00
2447.00,200.00
2448.00,200.00
2449.00,200.00
2450.00,200.00
2451.00,200.00
2452.00,200.00
2453.00,200.00
2454.00,200.00
2455.00,200.00
2456.00,200.02
2457.00,200.03
2458.00,200.03
2459.00,200.03
2460.00,200.03
2461.00,200.03
2462.00,200.03
2463.00,200.03
2464.00,200.03
2465.00,200.03
2466.00,200.03
2467.00,200.03
2468.00,200.03
2469.00,200.03
2470.00,200.03
2471.00,200.03
2472.00,200.03
2473.00,200.03
2474.00,200.03
2475.00,200.03
2476.00,200.03
2477.00,200.03
2478.00,200.03
2479.00,200.03
2480.00,200.03
2481.00,200.03
2482.00,200.03
2483.00,200.03
2484.00,200.03
2485.00,200.03
2486.00,200.03
2487.00,200.03
2488.00,200.03
2489.00,200.03
2490.00,200.03
2491.00,200.03
2492.00,200.03
2493.00,200.03
2494.00,200.03
2495.00,200.03
2496.00,200.03
2497.00,200.03
2498.00,200.03
2499.00,200.03
2500.00,200.03
2501.00,200.03
2502.00,200.03
2503.00,200.03
2504.00,200.03
2505.00,200.03
2506.00,200.03
2507.00,200.03
2508.00,200.03
2509.00,200.03
2510.00,200.03
2511.00,200.03
2512.00,200.03
2513.00,200.03
2514.00,200.03
2515.00,200.03
2516.00,200.03
2517.00,200.03
2518.00,200.03
2519.00,200.03
2520.00,200.03
2521.00,200.03
2522.00,200.03
2523.00,200.03
2524.00,200.03
2525.00,200.03
2526.00,200.03
2527.00,200.03
2528.00,200.03
2529.00,200.03
2530.00,200.03
2531.00,200.03
2532.00,200.03
2533.00,200.03
2534.00,200.03
2535.00,200.03
2536.00,200.03
2537.00,200.03
2538.00,200.03
2539.00,200.03
2540.00,200.03
2541.00,200.03
2542.00,200.03
2543.00,200.03
2544.00,200.03
2545.00,200.03
2546.00,200.03
2547.00,200.03
2548.00,200.03
2549.00,200.03
2550.00,200.03
2552.00,200.03
2553.00,200.03
2554.00,200.03
2555.00,200.03
2556.00,200.03
2557.00,200.03
2558.00,200.03
2559.00,200.03
2560.00,200.03
2561.00,200.03
2562.00,200.03
2563.00,200.03
2564.00,200.03
2565.00,200.03
2566.00,200.03
2567.00,200.03
2568.00,200.03
2569.00,200.03
2570.00,200.03
2571.00,200.03
2572.00,200.03
2573.00,200.03
2574.00,200.03
2575.00,200.03
2576.00,200.03
2577.00,200.03
2578.00,200.03
2579.00,200.03
2580.00,200.03
2581.00,200.03
2582.00,200.03
2583.00,200.03
2584.00,200.03
2585.00,200.03
2586.00,200.03
2587.00,200.03
2588.00,200.03
2589.00,200.03
2590.00,200.03
2591.00,200.03
2592.00,200.03
2593.00,200.03
2594.00,200.03
2595.00,200.03
2596.00,200.03
2597.00,200.03
2598.00,200.03
2599.00,200.03
2600.00,200.03
2601.00,200.03
2602.00,200.03
2603.00,200.03
2604.00,200.03
2605.00,200.03
2606.00,200.03
2607.00,200.03
2608.00,200.03
2609.00,200.03
2610.00,200.03
2611.00,200.03
2612.00,200.03
2613.00,200.03
2614.00,200.03
2615.00,200.03
2616.00,200.03
2617.00,200.03
2618.00,200.03
2619.00,200.03
2620.00,200.03
2621.00,200.03
2622.00,200.03
2623.00,200.03
2624.00,200.03
2625.00,200.03
2626.00,200.03
2627.00,200.03
2628.00,200.03
2629.00,200.03
2630.00,200.03
2631.00,200.03
2632.00,200.03
2633.00,200.03
2634.00,200.03
2635.00,200.03
2636.00,200.03
2637.00,200.03
2638.00,200.03
2639.00,200.03
2640.00,200.03
2641.00,200.03
2642.00,200.03
2643.00,200.03
2644.00,200.03
2645.00,200.03
2646.00,200.03
